     0/299        0G    0.1202   0.07694   0.08918    0.2863       126       640 0.0009555  0.005737 5.653e-05 8.387e-06    0.1122   0.09731   0.08613
     1/299        0G    0.1079   0.09668   0.08439     0.289       221       640   0.02063   0.02965  0.008692  0.001583   0.09442    0.1198   0.08017
     2/299        0G   0.09385    0.1097   0.07953    0.2831       142       640    0.7666   0.06734   0.05202   0.01299   0.08133    0.1103   0.07389
     3/299        0G   0.08071   0.09859   0.07257    0.2519       124       640     0.898   0.05154   0.04866   0.01229   0.07042   0.09802   0.06453
     4/299        0G   0.06914   0.08358   0.06401    0.2167       111       640    0.3045    0.2449    0.1488     0.051   0.05758   0.08509   0.05451
     5/299        0G   0.06278   0.08262   0.05702    0.2024       164       640    0.7423    0.2213    0.1942   0.08459   0.05535    0.0776    0.0472
     6/299        0G   0.06761   0.07949   0.05109    0.1982       226       640    0.7355     0.263    0.1849   0.06559   0.05809   0.07465   0.04295
     7/299        0G   0.06726   0.07534   0.04801    0.1906       158       640    0.7168    0.2901    0.1771   0.06358   0.06271    0.0724   0.03967
     8/299        0G   0.06589   0.07409   0.04457    0.1846       134       640    0.7168    0.3287    0.2029    0.0768   0.05729   0.07296   0.03762
     9/299        0G   0.06623   0.07337   0.04285    0.1825       145       640    0.6943    0.3274    0.1407   0.04967   0.06627   0.07094   0.03615
    10/299        0G   0.06343   0.07131     0.041    0.1757       181       640    0.7551    0.3259    0.2461    0.1119   0.05613   0.06836   0.03411
    11/299        0G   0.06321     0.075   0.03965    0.1779       197       640     0.751      0.32    0.2193   0.07307   0.05897   0.06874   0.03301
    12/299        0G     0.061   0.06586   0.03806    0.1649       138       640    0.8185    0.3233    0.3455    0.1786   0.04692   0.06919   0.03181
    13/299        0G   0.06004    0.0673   0.03676    0.1641       132       640    0.8118     0.331    0.3455    0.1676   0.04924   0.06634   0.03066
    14/299        0G   0.05784   0.06968   0.03521    0.1627       160       640    0.8377    0.3473    0.3765    0.1928   0.04698   0.06343   0.02928
    15/299        0G   0.05696   0.06487   0.03408    0.1559       140       640    0.8387    0.3284    0.3595    0.1458   0.04932   0.06466   0.02812
    16/299        0G   0.05666   0.06599   0.03351    0.1562       175       640    0.8055    0.3559    0.3997    0.2152   0.04452   0.06207   0.02664
    17/299        0G   0.05461    0.0625   0.03209    0.1492       175       640    0.7393    0.3499    0.3435    0.1584   0.04769   0.07627   0.02838
    18/299        0G   0.05722   0.06486   0.03127    0.1533       143       640    0.7019    0.3932    0.3167    0.1215   0.06226   0.06166   0.02556
    19/299        0G   0.06629   0.06434   0.03073    0.1614       207       640    0.7295    0.4244    0.3901    0.1886   0.05527   0.06006   0.02433
    20/299        0G   0.05781   0.06014    0.0302    0.1481       124       640     0.845    0.3139    0.3671    0.1806   0.04963   0.07391    0.0256
    21/299        0G   0.05801    0.0638   0.02896    0.1508       148       640     0.754     0.405     0.388    0.1408   0.04998   0.06371   0.02332
    22/299        0G   0.05732    0.0594   0.02861    0.1453       157       640    0.7495    0.4471    0.4298    0.1669   0.04949   0.06176   0.02232
    23/299        0G    0.0551   0.06197   0.02818    0.1453       156       640     0.804    0.3852    0.3952    0.1629    0.0536   0.06961    0.0242
    24/299        0G    0.0553   0.06173   0.02685    0.1439       203       640    0.8532     0.397    0.5377    0.2333   0.04494   0.05982   0.02072
    25/299        0G   0.05273   0.05964   0.02591    0.1383       156       640    0.8385    0.4106    0.4399    0.2087   0.04563   0.06183   0.02028
    26/299        0G   0.05182   0.06234   0.02553    0.1397       169       640    0.7669    0.4302    0.4764    0.2494    0.0418   0.06257   0.02046
    27/299        0G   0.05037    0.0609   0.02508    0.1364        99       640    0.8015    0.4332    0.5471    0.2368   0.04503   0.06102    0.0195
    28/299        0G   0.05155   0.06419   0.02443    0.1402       188       640      0.74    0.5032    0.5601    0.2849   0.04302    0.0593   0.01809
    29/299        0G   0.04961   0.05958   0.02326    0.1324       219       640    0.7595    0.4782    0.5423     0.258   0.04328   0.05743     0.018
    30/299        0G   0.05181   0.05826   0.02263    0.1327       131       640    0.6642    0.5761    0.6147    0.2259   0.05271   0.05812    0.0175
    31/299        0G    0.0557   0.06383   0.02259    0.1421       128       640    0.6827    0.5433    0.5537    0.2494   0.04919   0.06272    0.0183
    32/299        0G   0.05234   0.06012   0.02273    0.1352       173       640    0.6558    0.5585    0.5772    0.2562   0.04649   0.05817   0.01701
    33/299        0G   0.05256   0.05739   0.02207     0.132       176       640    0.6586     0.577      0.57    0.2726   0.04312   0.05904   0.01639
    34/299        0G   0.04827   0.06019   0.02093    0.1294       179       640     0.783    0.5679    0.6986    0.3531   0.03704   0.05555   0.01604
    35/299        0G   0.05135   0.05886   0.02074     0.131       159       640    0.6025    0.7263    0.6587    0.3392    0.0429   0.05626   0.01555
    36/299        0G   0.04891   0.05727    0.0201    0.1263       133       640    0.5555    0.7463    0.6636    0.2635   0.04278   0.05766   0.01485
    37/299        0G   0.04628   0.05551   0.02011    0.1219       150       640    0.7409    0.6194    0.7284     0.352   0.04284   0.05656   0.01464
    38/299        0G   0.04692   0.05735   0.01937    0.1236       151       640    0.7178    0.7423    0.7407    0.4313   0.03327   0.05473   0.01447
    39/299        0G   0.04565    0.0595   0.01919    0.1243       179       640     0.653    0.7379    0.7094    0.3718   0.03815    0.0565   0.01433
    40/299        0G   0.04484   0.05739   0.01864    0.1209       226       640     0.786    0.6545    0.7442    0.3769   0.03622   0.05557   0.01478
    41/299        0G   0.04131   0.05347   0.01769    0.1125       209       640    0.7802    0.6708    0.7368    0.4553   0.03593   0.05584   0.01396
    42/299        0G   0.04191   0.05811    0.0178    0.1178       199       640    0.8109    0.6728    0.8083    0.4741   0.03307   0.05633   0.01311
    43/299        0G   0.04206   0.05365   0.01749    0.1132       229       640    0.6699     0.748    0.7824    0.4312   0.03575   0.05354   0.01313
    44/299        0G   0.04383   0.05507   0.01731    0.1162       103       640    0.7367     0.767    0.8001    0.4323   0.03789   0.05328     0.013
    45/299        0G   0.04146   0.05688   0.01673    0.1151       176       640    0.8696    0.6798    0.7608    0.4428   0.03433   0.05202   0.01262
    46/299        0G   0.04006   0.05514   0.01639    0.1116       221       640     0.891    0.6093     0.753    0.4425   0.03242   0.05184   0.01284
    47/299        0G   0.04061   0.05552    0.0165    0.1126       202       640    0.8427    0.6926    0.7848     0.481   0.03379   0.05183   0.01235
    48/299        0G   0.04019   0.05562   0.01595    0.1118       141       640    0.7523    0.6564    0.7599     0.441   0.03613   0.05493   0.01299
    49/299        0G   0.03822   0.05117   0.01578    0.1052       152       640    0.8778    0.6999    0.8374    0.5149      0.03   0.04988   0.01239
    50/299        0G   0.04008    0.0541   0.01604    0.1102       152       640    0.9169    0.6877    0.7872    0.4714   0.03108   0.05255   0.01219
    51/299        0G   0.03947    0.0487   0.01532    0.1035       196       640    0.9484    0.6543    0.7999    0.4664   0.03144   0.05092   0.01191
    52/299        0G   0.03769   0.05195   0.01553    0.1052       174       640    0.7953    0.6703    0.7799    0.4813    0.0304   0.05083   0.01174
    53/299        0G   0.03857   0.05026   0.01487    0.1037       147       640    0.8259    0.6768    0.7645    0.4717   0.03225   0.05307   0.01157
    54/299        0G   0.03801   0.05043   0.01544    0.1039       167       640    0.9384     0.656    0.8397    0.5689   0.02757   0.05008   0.01157
    55/299        0G   0.03687   0.05179   0.01476    0.1034       149       640    0.9003    0.7023    0.8495    0.6103   0.02679   0.04816   0.01153
    56/299        0G    0.0363   0.05074   0.01434    0.1014       110       640    0.9097    0.6758    0.8475    0.5604   0.02928   0.05113   0.01144
    57/299        0G   0.03773   0.05443   0.01428    0.1064       164       640    0.9155     0.709    0.8547    0.5283   0.03069   0.04999   0.01106
    58/299        0G   0.03738   0.05146   0.01357    0.1024       186       640    0.7177    0.8495      0.85    0.5864   0.02812   0.04976   0.01103
    59/299        0G   0.03687   0.05079   0.01368    0.1013       190       640    0.7662    0.8431    0.8615    0.5517   0.02919   0.05008   0.01112
    60/299        0G   0.03595   0.05328   0.01398    0.1032       245       640    0.8366    0.7872    0.8571    0.5866   0.02934   0.05007   0.01101
    61/299        0G   0.03511   0.04843   0.01348   0.09702       128       640    0.8037    0.8207     0.854    0.5425   0.02962   0.04959   0.01117
    62/299        0G   0.03484   0.05105   0.01324   0.09913       188       640    0.7866     0.837    0.8629    0.6058    0.0259   0.04851   0.01086
    63/299        0G   0.03387   0.04788   0.01342   0.09517       117       640    0.8207    0.8352    0.8931    0.5989   0.02745   0.05126   0.01076
    64/299        0G    0.0348    0.0505   0.01346   0.09876       215       640    0.8022    0.7445    0.8426    0.5655   0.02717   0.04783   0.01067
    65/299        0G    0.0338    0.0494   0.01283   0.09603       145       640    0.7687    0.8405    0.8344    0.5341   0.02796   0.04909   0.01109
    66/299        0G    0.0343   0.04978   0.01266   0.09674       224       640    0.9312    0.7831    0.8825    0.6165   0.02635    0.0481   0.01033
    67/299        0G   0.03502   0.04929   0.01302   0.09733       157       640    0.8373    0.8334    0.9037     0.621   0.02768   0.04794    0.0105
    68/299        0G   0.03505   0.05145   0.01303   0.09952       221       640    0.8444    0.8196    0.8982    0.6339   0.02754   0.04702   0.01033
    69/299        0G    0.0344   0.05056   0.01237   0.09733       147       640     0.898    0.8134    0.9029    0.6616   0.02933    0.0491   0.01048
    70/299        0G   0.03428   0.04766   0.01246    0.0944       136       640     0.807    0.8862    0.9028    0.6372   0.02572   0.04765   0.01041
    71/299        0G   0.03486   0.04521   0.01254   0.09261       185       640    0.7913    0.8798    0.8905    0.6226   0.02741   0.04826   0.01026
    72/299        0G   0.03522    0.0471    0.0126   0.09493       212       640    0.7811    0.8286    0.8768    0.6129    0.0268    0.0489   0.01018
    73/299        0G   0.03295   0.04633   0.01199   0.09127       121       640    0.8874    0.7995    0.9101    0.6018   0.02767   0.05048   0.01001
    74/299        0G   0.03303   0.04434   0.01224   0.08961       171       640    0.8677    0.8923    0.9144    0.6557   0.02589   0.04864      0.01
    75/299        0G   0.03458   0.04648   0.01131   0.09237       147       640    0.9154    0.8777    0.9259    0.6332   0.02798   0.04811  0.009919
    76/299        0G   0.03411   0.04959   0.01164   0.09534       282       640    0.8094    0.8704    0.9162    0.6813   0.02604   0.04805  0.009715
    77/299        0G   0.03349   0.04695   0.01178   0.09222       221       640    0.7841    0.9037    0.9161    0.5957    0.0275   0.04765  0.009657
    78/299        0G   0.03247   0.04495   0.01154   0.08895       149       640     0.841    0.8817    0.9256    0.6698   0.02489   0.04689  0.009685
    79/299        0G   0.03317    0.0452   0.01207   0.09044       164       640     0.948    0.8729    0.9349    0.6671   0.02509   0.04713  0.009795
    80/299        0G   0.03173    0.0439   0.01154   0.08718       150       640    0.9362    0.8742    0.9371    0.6598   0.02479   0.04722  0.009802
    81/299        0G   0.03064    0.0456   0.01163   0.08787       158       640    0.8752    0.9134      0.94    0.6593   0.02572    0.0472  0.009328
    82/299        0G   0.03078   0.04378   0.01171   0.08627       185       640    0.8164    0.9332    0.9399    0.6675   0.02453   0.04586  0.009151
    83/299        0G    0.0325    0.0469   0.01146   0.09086       253       640    0.9159    0.8373    0.9278     0.666   0.02453   0.04657  0.009417
    84/299        0G   0.03276   0.04743   0.01111    0.0913       140       640    0.9105    0.8149    0.9231    0.6482   0.02737   0.04779  0.009461
    85/299        0G   0.03214   0.04605   0.01161    0.0898       137       640    0.9266    0.8013    0.9374    0.6426   0.02467   0.04856  0.009528
    86/299        0G   0.03311   0.04867   0.01094   0.09272       245       640    0.8119    0.9188    0.9432    0.6628   0.02451   0.04706  0.009349
    87/299        0G   0.03199   0.04421   0.01134   0.08755       160       640    0.8266    0.9256    0.9304    0.6222   0.02589   0.04686  0.009422
    88/299        0G   0.03381   0.04428   0.01137   0.08945       168       640    0.8531    0.9284    0.9318    0.6742   0.02474    0.0466  0.009451
    89/299        0G   0.03008   0.04301   0.01097   0.08407        99       640    0.8011    0.9306    0.9325    0.6825   0.02404   0.04536  0.009234
    90/299        0G   0.03105   0.04472   0.01096   0.08673       210       640    0.8459     0.939    0.9391    0.6767   0.02301   0.04397  0.009261
    91/299        0G   0.03108    0.0442   0.01059   0.08587       226       640    0.8793    0.8717    0.9353    0.6935   0.02338   0.04538  0.009243
    92/299        0G   0.03063   0.04171   0.01079   0.08314       124       640    0.8911    0.8661    0.9581    0.6882   0.02419   0.04587  0.009077
    93/299        0G   0.02929   0.04422   0.01038   0.08388       197       640    0.8571    0.9456    0.9571    0.6874   0.02316   0.04658  0.009117
    94/299        0G   0.03025   0.04298   0.01056   0.08379       161       640    0.7648    0.9273    0.9418    0.6759   0.02244   0.04501  0.009005
    95/299        0G    0.0329   0.04512   0.01059   0.08861       197       640    0.9019    0.8426    0.9417    0.6957   0.02501   0.04649  0.009027
    96/299        0G   0.03283   0.04672   0.01085    0.0904       191       640     0.885    0.8803    0.9399    0.6843   0.02415   0.04573  0.009135
    97/299        0G   0.02965   0.04577   0.01071   0.08613       263       640    0.9554    0.8307    0.9512    0.7062   0.02267   0.04523  0.009113
    98/299        0G   0.02978    0.0438   0.01084   0.08442       152       640    0.9554    0.8277    0.9385    0.7086   0.02203   0.04276   0.00908
    99/299        0G   0.03137   0.04268   0.01081   0.08485       126       640    0.8681    0.9344    0.9569    0.7161   0.02446   0.04505  0.008809
   100/299        0G   0.03121   0.04146    0.0106   0.08327       131       640    0.8462    0.9386    0.9371     0.686   0.02326    0.0437  0.008875
   101/299        0G   0.02999   0.04286   0.01052   0.08337       107       640    0.8648    0.9347    0.9392    0.7072   0.02348   0.04321  0.008738
   102/299        0G   0.03026   0.04381   0.01047   0.08453       177       640    0.8206    0.9333    0.9361    0.6834   0.02268   0.04297  0.008678
   103/299        0G   0.03145   0.04447   0.01052   0.08644       195       640    0.9223    0.8491     0.927    0.6609   0.02524   0.04534  0.008966
   104/299        0G   0.03008   0.04382   0.01038   0.08428       172       640    0.9137    0.9373    0.9379    0.6895   0.02219   0.04465  0.008963
   105/299        0G   0.02792   0.04238   0.01047   0.08077       129       640    0.9021    0.9226    0.9314    0.6711   0.02275    0.0444  0.008727
   106/299        0G   0.02861    0.0415   0.01017   0.08028        87       640    0.9277    0.8539      0.93    0.7053   0.02273   0.04483  0.008577
   107/299        0G   0.02934   0.04183  0.009612   0.08079       144       640    0.9324    0.8304    0.9274    0.6979   0.02224    0.0442   0.00843
   108/299        0G   0.02843    0.0411  0.009886   0.07942       147       640    0.8457    0.9277    0.9303     0.696   0.02344   0.04625  0.008491
   109/299        0G   0.03072    0.0441   0.01037   0.08519        92       640    0.8621    0.9228    0.9277    0.6816   0.02396   0.04691  0.008671
   110/299        0G   0.02969   0.04372  0.009812   0.08322       130       640    0.9093    0.8502    0.9383    0.6825   0.02268   0.04854  0.008808
   111/299        0G   0.03083   0.04104  0.009757   0.08162       150       640    0.9327    0.8452    0.9522    0.6984   0.02411   0.04731  0.008698
   112/299        0G   0.02954    0.0418  0.009759   0.08111       166       640    0.9224    0.8523     0.947    0.7138   0.02321   0.04614  0.008607
   113/299        0G   0.02834   0.04262  0.009739    0.0807       206       640    0.9279    0.8466    0.9391    0.7348   0.02243   0.04662  0.008752
   114/299        0G   0.02832   0.04307   0.01015   0.08154       171       640    0.9328     0.856    0.9387    0.7146   0.02167   0.04391  0.008548
   115/299        0G   0.02843   0.04417  0.009857   0.08245       183       640    0.7617    0.9386    0.9366    0.7121   0.02209   0.04349  0.008721
   116/299        0G    0.0288   0.04023    0.0102   0.07923       148       640    0.9314     0.845    0.9388    0.7169   0.02171   0.04251  0.008443
   117/299        0G   0.02769   0.04006    0.0095   0.07725       120       640    0.9245    0.8583    0.9379    0.6879   0.02276   0.04575  0.008495
   118/299        0G    0.0293   0.04154  0.009931   0.08077       138       640     0.848    0.9359    0.9527    0.7181   0.02169    0.0449  0.008341
   119/299        0G   0.02966   0.04303  0.009828   0.08252       219       640    0.8895    0.8931    0.9584    0.7001   0.02257   0.04614  0.008477
   120/299        0G   0.02834   0.04225   0.01002   0.08061       182       640    0.8345    0.9619    0.9591    0.7419   0.02188   0.04425  0.008123
   121/299        0G   0.02872   0.04219  0.009845   0.08076       152       640    0.8679    0.9304    0.9389    0.7161   0.02325   0.04537   0.00802
   122/299        0G   0.02792   0.04207  0.009349   0.07934       205       640    0.9112    0.9152    0.9279    0.7431   0.02162   0.04394  0.008263
   123/299        0G   0.02881      0.04  0.009728   0.07854       193       640     0.914    0.9339    0.9358    0.6917   0.02184   0.04382  0.008134
   124/299        0G   0.02784   0.04091  0.009254   0.07801       147       640    0.7873    0.9572    0.9466    0.7377   0.02064   0.04322  0.008038
   125/299        0G   0.02819   0.04142  0.009327   0.07894       133       640    0.9428    0.8597    0.9413    0.7161   0.02114   0.04351  0.007983
   126/299        0G    0.0265   0.04017  0.009534    0.0762       216       640    0.8297    0.9706     0.966    0.7471   0.02072     0.043  0.007771
   127/299        0G   0.02796   0.04115  0.009407   0.07852       204       640    0.9329    0.9394    0.9679    0.7204   0.02135   0.04301  0.007793
   128/299        0G   0.02813   0.04258  0.009721   0.08044       182       640    0.9126    0.9362    0.9305    0.7172   0.02198   0.04326  0.008036
   129/299        0G   0.02798   0.04123  0.009039   0.07825       237       640    0.9212    0.9266    0.9431    0.7218   0.02125   0.04397  0.007864
   130/299        0G   0.02788   0.04203  0.009665   0.07957       197       640    0.9289    0.9398    0.9336    0.7286   0.02059   0.04358  0.008152
   131/299        0G   0.02837   0.04156  0.009323   0.07925       124       640    0.9448     0.907    0.9431    0.7373   0.02226   0.04336  0.007838
   132/299        0G   0.02708   0.04011   0.00924   0.07643       169       640      0.93    0.9202    0.9446     0.762   0.01999   0.04152  0.007745
   133/299        0G   0.02546   0.03729   0.00898   0.07173       191       640     0.931    0.9145    0.9318    0.7452   0.02076   0.04302  0.007984
   134/299        0G   0.02621   0.03884  0.008805   0.07385       146       640    0.9177    0.8764    0.9394    0.7108   0.02133   0.04198  0.008012
   135/299        0G   0.02617   0.04004  0.008974   0.07518        99       640    0.8537    0.9365    0.9414     0.748   0.02131   0.04201  0.007921
   136/299        0G   0.02688   0.03889  0.009049   0.07481       189       640    0.9358    0.9576    0.9659    0.7519   0.02121    0.0424  0.007534
   137/299        0G   0.02565   0.03855  0.009006    0.0732        99       640    0.9278    0.9564    0.9628    0.7566   0.02048   0.04173  0.007463
   138/299        0G    0.0269   0.03942  0.009186   0.07551       196       640    0.9508    0.9056     0.964     0.745   0.02043   0.04261  0.007742
   139/299        0G   0.02748   0.03976  0.009106   0.07634       160       640    0.9233      0.92    0.9346    0.7132   0.02197   0.04276  0.008008
   140/299        0G   0.02619   0.04102  0.009149   0.07635       207       640    0.8901    0.9231    0.9344    0.7459   0.02094   0.04216  0.007808
   141/299        0G   0.02623   0.04107  0.009202   0.07651       209       640    0.9072    0.8821    0.9376     0.735    0.0211    0.0428  0.008018
   142/299        0G   0.02638   0.04043  0.009281    0.0761       121       640    0.9504    0.8654    0.9414    0.7493    0.0196   0.04188  0.007879
   143/299        0G   0.02682   0.03898  0.009003    0.0748       160       640    0.9464    0.8739    0.9438    0.7388    0.0204   0.04263  0.007906
   144/299        0G   0.02579   0.04015  0.008822   0.07476       215       640    0.7973    0.9386    0.9367    0.7167   0.02054   0.04261  0.008153
   145/299        0G   0.02476   0.04061  0.009093   0.07446       229       640    0.9126     0.928    0.9441    0.7168   0.01974   0.04155  0.007843
   146/299        0G   0.02513   0.03718  0.009031   0.07134       177       640    0.9397     0.918    0.9476    0.7311   0.01994   0.04185  0.007615
   147/299        0G   0.02671   0.03941  0.009011   0.07513       215       640    0.9218    0.9314    0.9435    0.7066   0.02074   0.04317  0.007675
   148/299        0G    0.0262   0.03909  0.009012   0.07429       156       640    0.9459    0.9237    0.9641    0.7652   0.01993   0.04218  0.007398
   149/299        0G   0.02467   0.03725  0.008804   0.07073       140       640    0.9456    0.9465    0.9668    0.7565   0.01952   0.04109  0.007312
   150/299        0G   0.02517   0.03977  0.008686   0.07362       229       640    0.8218    0.9325    0.9296    0.7588   0.01963   0.04166  0.007813
   151/299        0G   0.02596   0.03749  0.008726   0.07218       109       640    0.9476    0.8916    0.9682    0.7512   0.01992   0.04101  0.007641
   152/299        0G   0.02639   0.04043  0.009212   0.07604       173       640     0.885     0.942    0.9431    0.7448   0.01952    0.0423   0.00792
   153/299        0G   0.02454   0.03746  0.008683   0.07069       183       640    0.8405    0.9438    0.9397    0.7245   0.01992   0.04131  0.007762
   154/299        0G   0.02429   0.03729  0.008747   0.07033       133       640    0.8455    0.9448     0.951    0.7533   0.01951    0.0419  0.007515
   155/299        0G   0.02455   0.03683  0.008536   0.06991       124       640    0.9194     0.931    0.9388    0.7416   0.01932   0.04151  0.007925
   156/299        0G   0.02501   0.03802  0.008687   0.07172       169       640      0.89    0.9258    0.9358    0.7541   0.01964   0.04154  0.007768
   157/299        0G   0.02543   0.03735  0.008583   0.07136       154       640    0.8966    0.9416    0.9439    0.7709   0.01941   0.04055   0.00779
   158/299        0G   0.02589   0.03752  0.009313   0.07273       203       640      0.87    0.9437    0.9463    0.7638   0.01959   0.04135  0.007766
   159/299        0G   0.02636   0.03805  0.008772   0.07318       194       640    0.9474    0.8727    0.9416    0.7756    0.0198   0.04035   0.00747
   160/299        0G   0.02591   0.03801  0.009151   0.07307       158       640    0.8941    0.9376    0.9429    0.7559    0.0193   0.03991  0.007665
   161/299        0G   0.02402   0.03755  0.008249   0.06982       121       640     0.898    0.9424    0.9462    0.7603   0.01934   0.04074  0.007601
   162/299        0G   0.02521   0.03868  0.008243   0.07214       171       640    0.9393     0.964    0.9691    0.7709   0.01918   0.04168  0.007276
   163/299        0G   0.02673   0.03945  0.008493   0.07468       204       640    0.9076    0.9374    0.9429     0.749   0.01963   0.04146  0.007512
   164/299        0G   0.02505   0.03818  0.008193   0.07142       117       640    0.9113     0.928    0.9456    0.7462   0.01888   0.04017  0.007638
   165/299        0G   0.02391   0.03788  0.008605   0.07039       180       640    0.9331    0.9098    0.9383     0.754    0.0189   0.04017  0.007656
   166/299        0G   0.02429    0.0357  0.008449   0.06844       164       640    0.9243    0.9347    0.9464    0.7703    0.0188   0.04114  0.007514
   167/299        0G   0.02459   0.03883  0.008702   0.07212       178       640    0.9426    0.9361    0.9664    0.7825   0.01962   0.04168  0.007381
   168/299        0G   0.02499   0.03645  0.008172   0.06961       223       640    0.9268    0.9181    0.9359    0.7614   0.01993   0.04203  0.007609
   169/299        0G   0.02416   0.03595  0.008051   0.06817       140       640    0.9384    0.8682    0.9427    0.7566   0.01942   0.04237   0.00744
   170/299        0G   0.02456   0.03584  0.008791   0.06919       136       640    0.9325    0.8757    0.9435    0.7683   0.01869   0.03997   0.00739
   171/299        0G    0.0262   0.03858  0.008589   0.07338       124       640    0.9151    0.9583    0.9637    0.7659   0.01975   0.04158  0.007133
   172/299        0G   0.02433   0.03611  0.008303   0.06875       170       640    0.8308    0.9434     0.948    0.7728   0.01894   0.04045  0.007214
   173/299        0G   0.02347   0.03617  0.008528   0.06817       262       640    0.8032     0.967    0.9649    0.7779   0.01849   0.04094  0.007144
   174/299        0G   0.02415   0.03534  0.007881   0.06737        58       640    0.9204    0.8992    0.9659    0.7662   0.01941    0.0415  0.007344
   175/299        0G   0.02452   0.03524   0.00794    0.0677        92       640    0.9125    0.9239    0.9485    0.7676   0.01924   0.04208  0.007409
   176/299        0G   0.02419   0.03756   0.00832   0.07007       210       640    0.9201    0.9414    0.9566    0.7593   0.01895   0.04188  0.007373
   177/299        0G   0.02285   0.03604  0.008085   0.06697       228       640    0.9003    0.9399    0.9537    0.7797   0.01947   0.04207  0.007114
   178/299        0G   0.02349   0.03597  0.007788   0.06725       126       640    0.9604    0.9104    0.9482    0.7738   0.01825   0.04086  0.007394
   179/299        0G   0.02494   0.03647  0.008366   0.06977       176       640    0.9374    0.9238    0.9328     0.748   0.01921   0.04138  0.007594
   180/299        0G    0.0244   0.03743  0.008516   0.07034       125       640    0.9455     0.937    0.9641    0.7722   0.01855   0.04101  0.007321
