     0/299        0G    0.1216    0.1007   0.08947    0.3118       320       640 0.0001807 0.0006944 4.144e-06 4.144e-07    0.1172   0.08982   0.08818
     1/299        0G    0.1151    0.1091   0.08691    0.3111       249       640  0.002235   0.01488 0.0005797  6.84e-05    0.1074    0.1014    0.0843
     2/299        0G    0.1054    0.1252   0.08354    0.3141       247       640    0.2353   0.02222  0.009549  0.001843   0.09486    0.1135   0.08046
     3/299        0G   0.09618    0.1325   0.08012    0.3088       209       640    0.2614   0.04868   0.03437  0.008064   0.08547    0.1056   0.07732
     4/299        0G    0.0874    0.1287   0.07586    0.2919       249       640    0.4347   0.04891   0.02394  0.006135   0.07841    0.1078   0.07256
     5/299        0G   0.07713    0.1109   0.06904     0.257       259       640    0.8469   0.06061   0.05942   0.01909   0.06827    0.0973   0.06226
     6/299        0G   0.06961   0.09919    0.0624    0.2312       256       640    0.3643    0.2336    0.1555   0.05387   0.06009   0.08216   0.05486
     7/299        0G   0.06472   0.09807   0.05696    0.2198       240       640    0.8972    0.1843    0.2247   0.08792   0.05441   0.07774   0.05017
     8/299        0G   0.06077   0.09602   0.05247    0.2093       282       640    0.7839    0.2474    0.2445    0.1021   0.05187   0.07225   0.04577
     9/299        0G   0.06692   0.09213   0.04837    0.2074       276       640    0.7487    0.2514    0.2123   0.08365   0.06206    0.0713   0.04307
    10/299        0G   0.06797   0.09514   0.04711    0.2102       236       640    0.8969    0.1505    0.1522   0.05948    0.0633   0.06862    0.0411
    11/299        0G   0.06783   0.09541   0.04429    0.2075       221       640    0.7835     0.242    0.2165    0.0881   0.05769    0.0684   0.03916
    12/299        0G   0.06614   0.09169   0.04223    0.2001       261       640    0.7351     0.329    0.2516    0.1023   0.05859   0.06827   0.03776
    13/299        0G   0.06566   0.09149   0.04101    0.1982       286       640    0.7079    0.2978    0.1727   0.06442   0.06898   0.06704   0.03634
    14/299        0G    0.0651   0.08859   0.03901    0.1927       266       640    0.7502    0.3205     0.235    0.1079   0.05715   0.06654   0.03506
    15/299        0G    0.0637   0.08989   0.03784    0.1914       264       640    0.7914     0.318    0.2529   0.09169   0.05885   0.06582   0.03412
    16/299        0G   0.06261   0.08612   0.03643    0.1852       334       640    0.7715    0.3219    0.2436    0.1056   0.05693   0.06459   0.03273
    17/299        0G   0.06181   0.09151   0.03563     0.189       262       640    0.7685    0.3519    0.2803     0.127   0.05626   0.06416   0.03186
    18/299        0G   0.06153   0.08437   0.03482    0.1807       170       640    0.7966    0.3154     0.281    0.1219    0.0589   0.06451   0.03079
    19/299        0G   0.06057   0.08597   0.03389    0.1804       266       640    0.7378      0.31    0.2712    0.1004    0.0545     0.064   0.03013
    20/299        0G   0.05887   0.08692   0.03256    0.1784       260       640    0.7761    0.3202    0.2809    0.1101   0.05481   0.06391   0.02907
    21/299        0G    0.0574   0.08532    0.0322    0.1749       217       640    0.7945    0.3073    0.3369    0.1636   0.05134   0.06206   0.02803
    22/299        0G   0.05741   0.08453   0.03131    0.1732       197       640      0.76    0.3466    0.3619    0.1763   0.04945   0.06145   0.02729
    23/299        0G   0.05711   0.08188   0.03051    0.1695       256       640    0.7893      0.34    0.3807    0.1785   0.04797   0.06228    0.0268
    24/299        0G   0.05598   0.08093   0.03007     0.167       284       640     0.765    0.3179    0.3552    0.1288   0.05282   0.06034   0.02583
    25/299        0G   0.05614    0.0838   0.02921    0.1691       298       640    0.8525    0.3416    0.3919    0.2049   0.05008   0.06053   0.02504
    26/299        0G    0.0521   0.07848   0.02894    0.1595       299       640    0.6639    0.4691    0.4153    0.2162   0.04485   0.05979   0.02423
    27/299        0G   0.05319   0.08363   0.02789    0.1647       265       640    0.7271    0.4547    0.4325    0.2423   0.04485   0.05817   0.02405
    28/299        0G   0.05953   0.08144   0.02732    0.1683       326       640     0.715    0.4015    0.3861    0.1372    0.0605   0.06088   0.02396
    29/299        0G   0.06133   0.08298   0.02717    0.1715       431       640    0.7121    0.4474    0.3964    0.1577   0.04857   0.06056   0.02365
    30/299        0G   0.05942   0.08168   0.02709    0.1682       218       640    0.6548    0.3879    0.3717    0.1437   0.05822   0.05973   0.02295
    31/299        0G   0.05818   0.08068   0.02597    0.1648       376       640    0.6673    0.4514    0.3741    0.1569   0.04321   0.05984   0.02254
    32/299        0G   0.05782   0.08048   0.02598    0.1643       202       640    0.6435    0.4546    0.4093    0.1538    0.0571   0.05711   0.02172
    33/299        0G   0.05766   0.07825   0.02569    0.1616       221       640    0.6828    0.3936     0.385    0.1683   0.04913   0.07255   0.02471
    34/299        0G   0.05455   0.08094   0.02503    0.1605       262       640    0.7591    0.4597    0.4795    0.2299    0.0461   0.05739   0.02063
    35/299        0G   0.05296   0.07971    0.0247    0.1574       174       640    0.7485     0.438       0.5    0.2575   0.04469   0.05642    0.0202
    36/299        0G   0.05406   0.07562   0.02432     0.154       258       640    0.7296    0.4443    0.4457    0.2257   0.04711   0.06123   0.02038
    37/299        0G   0.05357   0.08302   0.02404    0.1606       315       640     0.767    0.4632    0.5196    0.2404   0.04479   0.05964      0.02
    38/299        0G   0.05194   0.07717   0.02334    0.1525       227       640    0.6927    0.4536     0.438     0.206   0.04794   0.05629   0.01872
    39/299        0G   0.05306   0.07598   0.02264    0.1517       293       640    0.7424     0.467    0.5731    0.2851   0.04738   0.05687    0.0184
    40/299        0G   0.05155    0.0776    0.0225    0.1516       292       640    0.6745    0.4642    0.5017    0.2602   0.04459   0.05614   0.01817
    41/299        0G   0.05037   0.07907   0.02232    0.1518       220       640    0.7527    0.4848    0.5265    0.2312   0.04517   0.05602   0.01738
    42/299        0G    0.0505   0.07944   0.02111    0.1511       335       640    0.6969    0.5022    0.5237     0.266   0.04337   0.05748   0.01782
    43/299        0G   0.04839   0.07767   0.02125    0.1473       281       640    0.8226    0.4662    0.5669    0.2927   0.04216   0.05624   0.01731
    44/299        0G   0.04737   0.07199   0.02096    0.1403       191       640    0.7664    0.5281    0.6116     0.285   0.04176    0.0563   0.01727
    45/299        0G   0.04688   0.07454   0.02062     0.142       278       640    0.7509    0.4899    0.5598    0.2616   0.04413   0.05359   0.01632
    46/299        0G   0.05587   0.08927   0.02106    0.1662       207       640     0.719    0.4831    0.5755    0.2899   0.04425   0.06533   0.01974
    47/299        0G    0.0557   0.08552   0.02355    0.1648       278       640    0.6546    0.4943    0.4257     0.196   0.05129   0.06564   0.01955
    48/299        0G   0.05277   0.07767   0.02258     0.153       228       640    0.7797    0.4973    0.6054    0.3071   0.04188   0.05706   0.01665
    49/299        0G   0.05164   0.07376   0.02067    0.1461       260       640    0.3872    0.7158    0.5634     0.281   0.04948   0.05584   0.01626
