      0/29        0G    0.1231   0.09282    0.0899    0.3058       360       640         0         0         0         0         0   0.01706         0
      1/29        0G    0.1201   0.09466   0.08851    0.3033       304       640         0         0         0         0         0   0.01597         0
      2/29        0G    0.1153    0.1086   0.08631    0.3102       327       640         0         0         0         0         0   0.01577         0
      3/29        0G    0.1099    0.1109    0.0842     0.305       231       640         0         0         0         0         0   0.01621         0
      4/29        0G    0.1032    0.1185   0.08187    0.3036       289       640         0         0         0         0         0   0.01743         0
      5/29        0G    0.0986    0.1392   0.07926     0.317       422       640         0         0         0         0         0   0.02095         0
      6/29        0G   0.09114    0.1274   0.07658    0.2951       252       640         0         0         0         0         0   0.03048         0
      7/29        0G   0.08642    0.1307   0.07346    0.2905       277       640         0         0         0         0         0   0.06063         0
      8/29        0G   0.08141    0.1139   0.07021    0.2655       234       640         0         0         0         0         0   0.09351         0
      9/29        0G   0.07737    0.1105   0.06628    0.2542       342       640         0         0         0         0         0    0.1051         0
     10/29        0G   0.07225    0.1019   0.06265    0.2368       321       640         0         0         0         0         0    0.1008         0
     11/29        0G   0.06983   0.09739   0.05974     0.227       323       640         0         0         0         0         0   0.09085         0
     12/29        0G   0.06529   0.09182   0.05666    0.2138       329       640         0         0         0         0         0   0.08762         0
     13/29        0G   0.06282   0.09608   0.05431    0.2132       368       640         0         0         0         0         0   0.09081         0
     14/29        0G   0.06023   0.09301   0.05224    0.2055       223       640         0         0         0         0         0   0.07771         0
     15/29        0G   0.05781   0.08592   0.04982    0.1935       315       640         0         0         0         0         0   0.07322         0
     16/29        0G    0.0586   0.09046   0.04822    0.1973       462       640         0         0         0         0         0   0.07476         0
     17/29        0G   0.06469    0.0922   0.04722    0.2041       435       640         0         0         0         0         0   0.05702         0
     18/29        0G   0.05905   0.09098   0.04635    0.1964       320       640         0         0         0         0         0   0.06214         0
     19/29        0G    0.0581    0.0862   0.04532    0.1896       321       640         0         0         0         0         0   0.05854         0
     20/29        0G   0.05763   0.09352   0.04477    0.1959       291       640         0         0         0         0         0   0.06842         0
     21/29        0G   0.05873   0.08993    0.0436    0.1923       320       640         0         0         0         0         0    0.0566         0
     22/29        0G    0.0551   0.08444   0.04283    0.1824       276       640         0         0         0         0         0   0.05811         0
     23/29        0G   0.05461   0.08427     0.042    0.1809       375       640         0         0         0         0         0   0.05654         0
     24/29        0G   0.05573   0.09062    0.0419    0.1882       369       640         0         0         0         0         0   0.06179         0
     25/29        0G   0.05326   0.08415   0.04054     0.178       311       640         0         0         0         0         0   0.05927         0
     26/29        0G   0.05083   0.08713   0.03974    0.1777       348       640         0         0         0         0         0   0.06741         0
     27/29        0G    0.0541    0.0912    0.0409    0.1862       395       640         0         0         0         0         0   0.06499         0
     28/29        0G   0.05104   0.08816   0.03924    0.1784       360       640         0         0         0         0         0   0.06603         0
     29/29        0G   0.05031    0.0793   0.03938     0.169       344       640         0         0         0         0         0   0.05757         0
